-3.659509046547999560e+02
-3.592523256593740371e+02
-2.457745049543403297e+02
-3.090938382406102392e+02
-2.259466608926165065e+02
-3.046522986452771420e+02
-2.450429701033793606e+02
-2.513927633494359668e+02
-2.463813580992548964e+02
-2.510538935727633714e+02
-3.150005398562477126e+02
-2.561917213804317726e+02
-1.837256010269019271e+02
-2.438214081751691538e+02
-2.932063888287136137e+02
-2.433097463633482676e+02
-2.222395271238970338e+02
-2.719377212053681774e+02
-2.220615811083945630e+02
-2.056911172945613089e+02
-2.107348762706668879e+02
-2.281495542206654932e+02
-1.760304682179597080e+02
-1.590155070695077484e+02
-1.443550510639167044e+02
-1.900637912799771811e+02
-1.477598859804428457e+02
-1.781652972949497382e+02
-1.066226563602029813e+02
-1.166015748201818099e+02
-1.384052617613641303e+02
-1.492521309488838313e+02
-1.352611883884055146e+02
-1.256174623619483413e+02
-2.248946070140204370e+02
-1.709014748082673236e+02
-1.488304156518090053e+02
-1.341083807283707756e+02
-8.067024698878505262e+01
-1.878296293671724584e+02
-1.455095432113353127e+02
-1.169527974195109437e+02
-1.545652381304412870e+02
-1.090847590549361286e+02
-1.535605338217242490e+02
-1.803622180039944567e+02
-1.558842466218573009e+02
-1.158659313279741099e+02
-1.087673225436157765e+02
-1.531511597737724912e+02
-1.192936291464923499e+02
